10866
51367
10677
10919
645369
79697
642846
57412
3363
197335
338811
23181
79837
51754
8870
115362
388646
23048
283948
83734
80755
9884
1364
1365
6692
100128553
5573
84936
5947
10965
641371
6155
641372
629
122970
85453
392309
1487
116986
53832
53833
2626
64184
6182
10788
9108
717
285498
27341
6817
89941
157506
166012
113189
191585
3118
3117
9028
80863
474170
3128
2947
2946
57531
1911
2944
85480
153571
359948
5089
340205
4343
130540
116443
127534
2709
10151
9374
3123
2949
10950
117166
3746
51230
51227
6529
9685
23293
3551
114899
1466
57189
92170
79867
84288
7078
91750
6941
84948
342933
79006
54997
6865
79672
201266
7484
7483
8655
2794
5460
2644
56898
622
6887
5915
51614
5049
113277
3120
3119
65983
84219
92270
1833
10960
3036
64324
399967
1209
3305
55750
136242
283459
2967
2968
56949
50854
57827
55159
5586
3304
3303
64078
408050
2959
3371
8859
6096
22999
83451
10296
2254
23601
7262
3112
283820
6203
85301
63943
26259
23351
696
54058
55007
221496
54879
57148
494115
221545
23315
4439
56245
282890
4855
652276
63892
100506084
56164
8218
4692
4155
100130331
257203
64122
11120
9450
92979
221527
57819
607
6387
1019
213
9842
3122
441168
9020
503542
6576
3688
57628
9921
55808
9948
8291
643338
9457
636
441631
1967
100130872
169834
2894
78986
90416
27127
10124
79820
162655
10106
6100
586
256435
55036
3680
130271
223117
414777
115584
9723
27443
9054
84448
114798
5431
22893
53917
80352
4189
5092
144455
29957
2218
26206
352961
5099
6676
253018
346
80821
146330
692094
6653
8888
4430
5888
56658
344
94009
146923
10273
285834
54866
11074
84867
643866
27327
55591
54206
84912
7407
3430
57704
79815
166824
8904
339231
7726
410
534
4234
4795
3139
3106
3107
79157
23210
3631
128439
1460
23387
143684
439921
83660
6583
6584
128553
6813
6781
1394
1594
135886
100126784
55937
4758
23545
2583
10137
392138
10493
1041
80307
2295
166614
64428
4329
51555
135656
55350
285464
200315
6229
338917
6228
780
80736
5514
672
146712
127343
84681
8507
8449
54535
135138
6850
3275
203068
196527
389
254827
55582
2580
10256
259197
29969
27079
57381
4137
79168
7148
401250
64699
166336
199
5971
7290
10956
83989
399671
51282
80740
644172
5116
100507436
645644
26150
4277
10990
10230
829
4077
7267
253190
58496
9308
128646
55423
283464
11270
1337
4905
199857
55000
54442
126006
128637
65990
9146
220164
79897
1800
91461
4882
113878
177
170679
170680
29113
126205
2868
5366
261734
57176
7473
54758
339230
51503
201176
51582
4092
84274
51805
221935
5297
84650
152330
2264
85364
83463
120224
8445
65263
23031
3315
1621
51499
8153
1993
10326
91355
10211
50831
54429
63940
7532
50832
10102
368
80761
4047
9867
10488
339745
5937
4050
7784
80864
5339
160364
1388
8340
387837
56729
9914
6047
10554
6048
22932
57799
140823
2634
2633
115361
23328
23
2635
9584
84264
6285
26751
494551
6742
23175
