55591
54206
84912
10677
645369
79697
642846
57412
3363
79815
197335
338811
339231
23181
8870
410
115362
23048
283948
83734
3107
80755
23210
100128553
5573
5947
10965
143684
439921
83660
122970
85453
6583
392309
128553
6813
53832
53833
6781
2626
64184
10788
9108
6817
135886
100126784
55937
157506
166012
113189
191585
3118
392138
474170
2946
57531
1911
2944
85480
2295
153571
359948
166614
340205
130540
4329
51555
116443
127534
135656
55350
10151
200315
6229
2949
6228
780
10950
3746
51230
672
6529
9685
23293
3551
127343
114899
1466
57189
92170
8507
84288
7078
6941
135138
6850
3275
342933
79006
6865
201266
7484
196527
7483
254827
55582
2580
10256
56898
622
29969
6887
27079
57381
5915
4137
5049
113277
3119
64699
166336
65983
92270
7290
83989
1833
10960
3036
64324
399967
51282
80740
644172
5116
100507436
2967
10990
10230
829
55159
4077
7267
253190
64078
408050
9308
283464
3371
6096
1337
22999
83451
10296
2254
23601
7262
283820
85301
26259
54058
199857
55000
54442
221496
57148
494115
128637
220164
23315
79897
1800
56245
91461
4855
170679
100506084
56164
126205
2868
8218
5366
4692
4155
261734
100130331
7473
64122
54758
9450
51503
201176
51582
4092
51805
607
221935
6387
213
5297
9842
3122
84650
441168
152330
85364
9020
3688
120224
57628
9921
55808
8445
9948
65263
23031
8291
643338
3315
1621
9457
636
441631
1993
10326
50831
54429
169834
2894
368
78986
4047
9867
90416
27127
10124
79820
162655
339745
5937
586
256435
7784
55036
5339
3680
130271
160364
223117
8340
115584
9723
56729
9914
6047
22932
27443
9054
84448
57799
114798
5431
4189
5092
2634
2633
115361
144455
23328
29957
9584
5099
6676
253018
80821
6285
692094
6653
26751
8888
4430
344
94009
23175
84867
643866
